[[63.57263016700692, 61.63785343226465],
 [74.36805698843052, 7.914621090314246],
 [8.705893988912496, 94.26657191105598],
 [44.80793701933066, 46.6351106505388],
 [16.35530950415251, 19.46952354516204],
 [30.010511244418886, 29.80175370431666],
 [88.62920939129619, 43.85371041137015],
 [66.68114183495595, 5.797292418843582],
 [40.1410539253888, 31.490532166578703],
 [92.48424786406471, 28.006982178231496],
 [9.536047778439679, 88.7380810171004],
 [18.91878100139187, 90.35464287072944],
 [4.880258709871024, 35.76782388338759],
 [33.73146491795912, 25.22743069263972],
 [80.77158568323848, 3.778308177417193],
 [90.59577967430243, 14.775395174094617],
 [20.413602416404995, 79.99694709971678],
 [55.5316040045026, 69.52785475878161],
 [47.590973455990714, 19.26834681414999],
 [5.138740160628082, 20.692078375576916],
 [93.72226792463012, 67.61275991208578],
 [38.118984534191206, 3.717660010940321],
 [17.07461159305828, 98.63189659847424],
 [36.07820555619918, 9.51893149803049],
 [43.53482368777306, 8.435645949426306],
 [74.5623830781582, 68.51597765473342],
 [37.84162793996818, 66.87345376624428],
 [16.378389524925296, 50.476753228435854],
 [75.51968276103186, 68.91772957422799],
 [90.55581754497082, 90.61508412301052],
 [30.823588202406437, 28.277219609075377],
 [46.263206221760456, 4.494802626385692],
 [85.46772580955597, 33.741732337031465],
 [51.576599616080074, 10.843407359415355],
 [96.55405440983773, 55.767344975578176],
 [52.80234494659841, 65.39122784349848],
 [17.912009193756717, 89.4556770814495],
 [2.6560801408547143, 50.22491504860897],
 [4.275187470289792, 61.51368000936751],
 [80.71441540229912, 19.296988673212454],
 [87.54022071006081, 74.98078155278486],
 [58.963786432342935, 45.52032277602795],
 [17.836478438131174, 45.92145626117097],
 [48.021700667744945, 43.442996220304174],
 [7.71642520205762, 84.90315768884636],
 [52.708025682907575, 89.92904692667946],
 [17.621630559149505, 93.14455852795177],
 [66.10748003614363, 10.858640686617578],
 [76.91143414983337, 22.53165268757536],
 [36.591418580665994, 86.03643734296263],
 [31.139196318961496, 24.938684167636396],
 [80.41071835481094, 93.19951863948967],
 [75.91584548512404, 12.930925981521234],
 [16.67529071943259, 44.43503939289567],
 [42.93290303930258, 6.156334258907652],
 [32.875625870334794, 96.11195963285321],
 [44.98566612310134, 93.19297136106202],
 [49.79170204169643, 6.671061776368482],
 [80.91963650721584, 13.744608708068471],
 [84.27498513516218, 46.80398454943079],
 [94.40323468429868, 96.49856979327092],
 [55.98242100034738, 97.35891063047475],
 [18.04846907498136, 44.409574759930116],
 [63.6288126406749, 58.76594991150281],
 [25.365728668659358, 2.4923418072405505],
 [75.08214332901387, 28.587259853161054],
 [70.20474664588102, 78.59400656028726],
 [13.994093422154812, 32.37839298475648],
 [6.624713282362908, 37.81714607583379],
 [76.30096188414984, 10.826580498889278],
 [39.837611516419024, 11.880582499945938],
 [3.961339893959134, 20.93440751305924],
 [67.66331115455228, 92.17108817946036],
 [44.29700134884771, 71.81803493149313],
 [44.56014250359532, 65.64716166458466],
 [62.82372962347077, 90.75277889325181],
 [10.679958440210568, 79.76543585356353],
 [38.90322763033098, 60.83960785665138],
 [71.49330459033486, 72.20237719991027],
 [87.26483290550672, 66.7667963784593],
 [42.19809220780228, 21.33965727463401],
 [20.71331298621831, 89.97048833699131],
 [32.193406407755404, 2.893147943081431],
 [16.805410861576824, 82.29767085858802],
 [85.86976679237083, 61.81689497696736],
 [83.62335565761087, 96.10345314395458],
 [10.79027596251954, 23.13556049579239],
 [37.77723106142804, 67.1540891970154],
 [15.85216968570115, 83.25210188035143],
 [50.87040713094074, 81.4449949398129],
 [58.1181771585661, 88.85951127258724],
 [83.51308304458597, 21.185290436453197],
 [60.04604501523003, 66.73710495136102],
 [36.15819946629268, 66.17141140014083],
 [93.16313878749621, 43.26229244348695],
 [24.475536032706763, 26.159777709364082],
 [26.756725710979335, 42.59379132048358],
 [11.089057377221383, 29.439999249184734],
 [60.962609006204595, 17.788090433199358],
 [23.612249168015317, 75.21311823755451],
 [49.81121788521239, 94.2153427952555],
 [5.8499669623550865, 71.10663428838686],
 [25.21121694301991, 24.07243255927304],
 [58.69001437832857, 27.038081528586837],
 [80.59531133403617, 74.13792750545157],
 [44.89353742410422, 28.924119037223107],
 [84.90771776156578, 2.28451037459088],
 [5.233484565695227, 28.9026989979507],
 [44.63986341860367, 10.755297318237474],
 [16.585697001000607, 64.31519268539107],
 [43.71655041197784, 97.3281026533418],
 [87.47439775692769, 21.357849951480116],
 [63.16915280702648, 83.89252815278854],
 [46.75802339688131, 50.76140954983292],
 [39.0055968520495, 77.3468149025282],
 [77.53141505301801, 30.57179033981587],
 [69.56186829895714, 11.858889007338465],
 [81.95603198825593, 30.914232669259565],
 [39.34116902816683, 33.261303569379834],
 [16.652947284125116, 38.32022010308595],
 [6.34517165252962, 27.859206751056508],
 [9.626026163526724, 75.14649600119111],
 [71.30234128114597, 86.27379381895132],
 [29.605210021725593, 70.00212215710832],
 [6.955720710762303, 62.91782807108339],
 [86.09514660242195, 77.74335240298923],
 [41.70013650601403, 98.55943397227287],
 [39.52805309025076, 30.993973362290888],
 [82.1789807684555, 16.928521167540396],
 [32.52664754994928, 46.21104095188976],
 [44.3008994625158, 3.975298323807097],
 [23.96552437404052, 66.45023197700002],
 [17.472554827800977, 50.34884879733796],
 [17.563388906890655, 90.2464582915442],
 [49.79526722404114, 20.7960032578888],
 [51.578683540464745, 85.51107348287012],
 [31.67667164183767, 58.84405718499143],
 [84.37770657444052, 55.571261936277075],
 [6.605918930030681, 27.716096842787607],
 [56.01094130335825, 10.54674475277032],
 [56.68016398422775, 71.51337283785976],
 [33.81937661101941, 30.312730707313868],
 [48.25125640616973, 4.594960383976894],
 [29.83993713129024, 38.12836197031961],
 [4.882428729236764, 55.82201169266123],
 [7.9245317134172275, 13.6563448500291],
 [14.482880537043691, 27.25274284914986],
 [71.40610159829714, 78.6150435430901],
 [96.64480753734414, 33.5425187291741],
 [52.986342381947075, 78.87089233043336],
 [11.679932378646347, 7.314112687152859],
 [56.95879257198623, 16.17116480730218],
 [4.5706341575624645, 47.91716483724696],
 [64.33725368918161, 58.40904321535477],
 [10.839585756004572, 53.885636501727014],
 [14.419403265519207, 58.218712243499915],
 [53.84234611140623, 94.24229363778585],
 [1.3811698936097627, 43.89606170046747],
 [89.29704988752731, 44.32664546486908],
 [30.412581718878485, 96.02758169452366],
 [40.010289444092855, 94.97289979826753],
 [14.826032082031544, 34.44797338991672],
 [17.748408730111738, 91.39404890973174],
 [5.330722596879019, 57.798757124152615],
 [68.38276019092604, 20.592384777387696],
 [24.721822886550953, 31.193709407304937],
 [94.63529885009811, 46.39422812001005],
 [51.56684346961089, 85.4108126624262],
 [17.146666922735417, 42.82944271497338],
 [74.74095489247104, 8.91006649655078],
 [33.96937180847057, 3.3670404627430637],
 [72.13069933784882, 67.47789644622256],
 [16.57668910580707, 28.03143464827874],
 [15.557416793852035, 60.607221380221375],
 [58.66775549669595, 27.65150009208526],
 [94.56207644177016, 28.313954832291767],
 [29.974205820747084, 11.843063898349293],
 [42.3294121241864, 54.61110272264018],
 [38.472122171292376, 87.31225452902449],
 [66.83426845996857, 81.20934828700877],
 [51.895900566015584, 29.10850811320815],
 [31.89372608040601, 16.025737668702654],
 [72.93971477409978, 9.24024536996272],
 [34.85735869162427, 60.40861753528143],
 [67.48574885715071, 39.609812690910445],
 [83.95163216393087, 30.373122716466533],
 [68.81375487790797, 41.42581449732546],
 [64.81895893731112, 90.54989318485428],
 [55.69073634673331, 41.65981776451413],
 [43.91511165253933, 14.074735251704517],
 [72.98731539306186, 15.569596616001634],
 [97.54384857141673, 27.961659575756666],
 [46.526577130793946, 84.79808730542129],
 [80.74594513162968, 78.1380162169491],
 [60.84182864155812, 24.93587972618947],
 [69.51168621035667, 26.639830182180834],
 [88.96567785227037, 91.90429948385585],
 [46.84535290867511, 22.365821122339582],
 [8.33429762771398, 41.100821698077176],
 [17.88793512489958, 44.89362965143344]